0.460091
0.280000
0.410023
0.556327
0.395147
0.392245
0.408390
0.379501
0.446621
0.429569
0.580544
0.585397
0.475556
0.394875
0.556327
0.397188
0.377732
0.514785
0.333923
0.238549
0.513197
0.293469
0.361451
0.472517
0.379501
0.621587
0.694966
0.810204
0.745079
0.293469
0.574150
0.427846
0.238549
0.376916
0.379501
0.320454
0.383719
0.460091
0.487347
0.464444
0.345397
0.280000
0.609161
0.333923
0.544036
0.475556
0.320454
0.625215
0.551882
0.355057
0.238549
0.422676
0.565714
0.345397
0.505896
0.392245
0.452971
0.607166
0.510113
0.367891
0.446531
0.510113
0.407755
0.359093
0.400907
0.458685
0.429569
0.394875
0.660907
0.377732
0.487347
0.394875
0.510113
0.703900
0.502902
0.557642
0.293469
0.458685
0.345397
0.328707
0.400907
0.573832
0.408617
0.377732
0.565714
0.356190
0.364444
0.345397
0.406848
0.478322
0.349660
0.407755
0.364444
0.594694
0.400907
0.741270
0.464444
0.478050
0.409116
0.590431
0.569297
0.290703
0.640136
0.487347
0.464444
0.345397
0.621043
0.535193
0.697596
0.379501
0.562041
0.293469
0.293469
0.506440
0.394875
0.464444
0.345397
0.535193
0.400227
0.519955
0.394875
0.413651
0.377732
0.451882
0.408209
0.515601
0.383719
0.402630
0.420952
0.405125
0.688390
0.384671
0.481361
0.464444
0.702585
0.450476
0.295782
0.364444
0.412109
0.238549
0.452426
0.464444
0.320454
0.666984
0.377732
0.453379
0.462540
0.452426
0.408209
0.280000
0.496327
0.379501
0.383719
0.522585
0.464444
0.345397
0.516145
0.567982
0.293469
0.238549
0.487347
0.408209
0.407755
0.444172
0.460317
0.503220
0.379501
0.579456
0.583084
0.394875
0.489297
0.544671
0.573605
0.469796
0.383719
0.695556
0.511791
0.280000
0.326122
0.506032
0.293469
0.377732
0.447846
0.408390
0.361406
0.423356
0.732653
0.280000
0.524580
0.379501
0.487347
0.591701
0.475556
0.345397
0.432381
0.566032
0.238549
0.563265
0.527302
0.427846
0.664127
0.293469
0.408390
0.280000
0.444172
0.406168
0.474875
0.411429
0.458367
0.280000
0.377732
0.576644
0.502902
0.591701
0.377732
0.394875
0.533832
0.295918
0.383719
0.388798
0.628707
0.370612
0.411882
0.616780
0.450476
0.429524
0.525669
0.540998
0.360136
0.556281
0.397188
0.476871
0.458685
0.472653
0.379501
0.534649
0.565714
0.495692
0.392562
0.394875
0.540998
0.694603
0.412925
0.475873
0.509342
0.280000
0.565714
0.290703
0.403447
0.416644
0.293469
0.466531
0.565714
0.525760
0.534966
0.458685
0.429569
0.440862
