0.000000
0.475465
0.377732
0.661043
0.466939
0.293469
0.377732
0.492290
0.348844
0.339365
0.584490
0.420952
0.516780
0.377732
0.567347
0.458685
0.290703
0.832971
0.379501
0.377732
0.339365
0.536825
0.312562
0.382222
0.595873
0.581950
0.238549
0.487347
0.290703
0.515374
0.280000
0.377732
0.604172
0.550295
0.345397
0.293469
0.377732
0.492290
0.528662
0.524580
0.528662
0.565714
0.621043
0.345397
0.510340
0.238549
0.328707
0.377732
0.542177
0.456689
0.293469
0.685170
0.364444
0.345397
0.588027
0.392245
0.422676
0.461179
0.453379
0.510975
0.407755
0.586531
0.377732
0.464490
0.506440
0.497234
0.400227
0.293469
0.563764
0.584218
0.377732
0.450884
0.455465
0.394875
0.565714
0.345397
0.410522
0.555193
0.394875
0.403447
0.362676
0.565714
0.484853
0.484807
0.569524
0.392245
0.564853
0.461179
0.507438
0.767937
0.730113
0.447800
0.528662
0.565714
0.379501
0.461497
0.656916
0.379501
0.370930
0.528662
0.379501
0.565714
0.345397
0.412925
0.728345
0.506440
0.364444
0.345397
0.351791
0.377732
0.470612
0.345397
0.400907
0.452608
0.293469
0.713107
0.693696
0.379501
0.781043
0.563764
0.472925
0.524580
0.472925
0.911293
0.565714
0.328707
0.377732
0.349025
0.447800
0.491020
0.515102
0.498186
0.512698
0.712472
0.656463
0.379501
0.345397
0.570431
0.570930
0.320454
0.549025
0.475556
0.451882
0.345397
0.378231
0.588617
0.618050
0.572744
0.280000
0.394875
0.565714
0.356190
0.446621
0.451882
0.454467
0.621587
0.450884
0.280000
0.489297
0.409116
0.590431
0.290703
0.575556
0.412925
0.493469
0.699637
0.622630
0.400227
0.280000
0.472925
0.565714
0.730113
0.486712
0.377732
0.574150
0.452608
0.293469
0.458685
0.524580
0.377732
0.450884
0.456916
0.798367
0.345397
0.450476
0.456916
0.407755
0.402630
0.417732
0.377732
0.605986
0.394875
0.456916
0.392245
0.517370
0.503039
0.450703
0.542177
0.412925
0.560862
0.383719
0.370930
0.377732
0.469025
0.400907
0.460091
0.293469
0.377732
0.531746
0.565714
0.293469
0.377732
0.429524
0.416825
0.280000
0.879819
0.489297
0.505896
0.392245
0.377732
0.450884
0.456916
0.377732
0.525306
0.619093
0.478322
0.673651
0.377732
0.576644
0.293469
0.436689
0.549252
0.290703
0.238549
0.450884
0.400227
0.487347
0.379501
0.408390
0.550295
0.524580
0.408390
0.550295
0.565714
0.345397
0.515374
0.506440
0.399955
0.560045
0.569524
0.580317
0.555873
0.595873
0.379501
0.600635
0.429569
0.505941
0.489297
0.328707
