0.000000
0.487347
0.742585
0.320454
0.407755
0.368707
0.648254
0.392245
0.572426
0.506440
0.565714
0.345397
0.565714
0.447528
0.364444
0.345397
0.549433
0.610476
0.427846
0.510522
0.661995
0.379501
0.602222
0.345397
0.383719
0.358503
0.638050
0.565714
0.345397
0.525760
0.597324
0.803537
0.377732
0.603719
0.450476
0.293469
0.394875
0.528571
0.290703
0.238549
0.564082
0.379501
0.517052
0.624308
0.280000
0.528571
0.499365
0.293469
0.376054
0.429524
0.400907
0.345397
0.437823
0.797778
0.293469
0.565714
0.333923
0.379501
0.400907
0.976281
0.460091
1.040544
0.345397
0.430204
0.328707
0.500000
0.624853
0.410794
0.394875
0.624853
0.547483
0.583628
0.690612
0.379501
0.645714
0.450476
0.489297
0.542449
0.590431
0.392245
0.562313
0.811247
0.577959
0.544671
0.460091
0.293469
0.377732
0.565714
0.328707
0.364444
0.377732
0.349025
0.377732
0.565714
0.293469
0.376054
0.429524
0.345397
0.378231
0.678503
0.565034
0.392245
0.589161
0.694376
0.320454
0.704172
0.364444
0.454467
0.429569
0.489297
0.475828
0.388798
0.450385
0.383719
0.377732
0.495918
0.471791
0.383719
0.489297
0.369252
0.377732
0.605986
0.565714
0.536735
0.345397
0.378231
0.646213
0.383719
0.349025
0.542993
0.427846
0.377732
0.488118
0.377732
0.558186
0.572154
0.581995
0.293469
0.476961
0.290703
0.238549
0.487347
0.496372
0.525760
0.394875
0.379501
0.565034
0.565714
0.377732
0.525306
0.462540
0.565714
0.368707
0.515374
0.392245
0.599093
0.238549
0.746848
0.420952
0.405125
0.641905
0.293469
0.447846
0.435556
0.460091
0.293469
0.394875
0.497143
0.514739
0.565714
0.421088
0.455147
0.379501
0.491066
0.735918
0.293469
0.510522
0.728798
0.808345
0.356190
0.510522
0.728798
0.421088
0.553016
0.383719
0.466939
0.238549
0.412925
0.646122
0.293469
0.418730
0.475873
0.379501
0.436463
0.541950
0.394875
0.569297
0.345397
0.447256
0.565714
0.506440
0.364444
0.345397
0.450476
0.293469
0.364444
0.394875
0.358503
0.401542
0.364444
0.394875
0.358503
0.461179
0.364444
0.394875
0.377732
0.358503
0.569297
0.293469
0.475556
0.320454
0.478322
0.489297
0.293469
0.488299
0.379501
0.389841
0.572063
0.460317
0.333923
0.410794
0.558186
0.356190
0.565714
0.345397
0.540091
0.450476
0.469025
0.565714
0.345397
0.599093
0.826893
0.351474
0.360136
0.485215
0.377732
0.799002
0.293469
0.581995
0.400227
0.379501
0.696009
0.458685
0.328707
0.377732
0.450476
0.694376
0.293469
0.558277
0.290703
0.364444
0.544671
0.613424
0.525079
0.681179
0.407755
0.368707
0.515374
0.280000
0.377732
0.000000
0.487347
0.742585
0.320454
0.407755
0.368707
0.648254
0.392245
0.572426
0.506440
0.565714
0.345397
0.565714
0.447528
0.364444
0.345397
0.549433
0.610476
0.427846
0.510522
0.661995
0.379501
0.602222
0.345397
0.383719
0.358503
0.638050
0.565714
0.345397
0.525760
0.597324
0.803537
0.377732
0.603719
0.450476
0.293469
0.394875
0.528571
0.290703
0.238549
0.564082
0.379501
0.517052
0.624308
0.280000
0.528571
0.499365
0.293469
0.376054
0.429524
0.400907
0.345397
0.437823
0.797778
0.293469
0.565714
0.333923
0.379501
0.400907
0.976281
0.460091
1.040544
0.345397
0.430204
0.328707
0.500000
0.624853
0.410794
0.394875
0.624853
0.547483
0.583628
0.690612
0.379501
0.645714
0.450476
0.489297
0.542449
0.590431
0.392245
0.562313
0.811247
0.577959
0.544671
0.460091
0.293469
0.377732
0.565714
0.328707
0.364444
0.377732
0.349025
0.377732
0.565714
0.293469
0.376054
0.429524
0.345397
0.378231
0.678503
0.565034
0.392245
0.589161
0.694376
0.320454
0.704172
0.364444
0.454467
0.429569
0.489297
0.475828
0.388798
0.450385
0.383719
0.377732
0.495918
0.471791
0.383719
0.489297
0.369252
0.377732
0.605986
0.565714
0.536735
0.345397
0.378231
0.646213
0.383719
0.349025
0.542993
0.427846
0.377732
0.488118
0.377732
0.558186
0.572154
0.581995
0.293469
0.476961
0.290703
0.238549
0.487347
0.496372
0.525760
0.394875
0.379501
0.565034
0.565714
0.377732
0.525306
0.462540
0.565714
0.368707
0.515374
0.392245
0.599093
0.238549
0.746848
0.420952
0.405125
0.641905
0.293469
0.447846
0.435556
0.460091
0.293469
0.394875
0.497143
0.514739
0.565714
0.421088
0.455147
0.379501
0.491066
0.735918
0.293469
0.510522
0.728798
0.808345
0.356190
0.510522
0.728798
0.421088
0.553016
0.383719
0.466939
0.238549
0.412925
0.646122
0.293469
0.418730
0.475873
0.379501
0.436463
0.541950
0.394875
0.569297
0.345397
0.447256
0.565714
0.506440
0.364444
0.345397
0.450476
0.293469
0.364444
0.394875
0.358503
0.401542
0.364444
0.394875
0.358503
0.461179
0.364444
0.394875
0.377732
0.358503
0.569297
0.293469
0.475556
0.320454
0.478322
0.489297
0.293469
0.488299
0.379501
0.389841
0.572063
0.460317
0.333923
0.410794
0.558186
0.356190
0.565714
0.345397
0.540091
0.450476
0.469025
0.565714
0.345397
0.599093
0.826893
0.351474
0.360136
0.485215
0.377732
0.799002
0.293469
0.581995
0.400227
0.379501
0.696009
0.458685
0.328707
0.377732
0.450476
0.694376
0.293469
0.558277
0.290703
0.364444
0.544671
0.613424
0.525079
0.681179
0.407755
0.368707
0.515374
0.280000
0.377732
