0.000000
0.447755
0.238549
0.557188
0.513741
0.423583
0.328707
0.400907
0.398277
0.498866
0.379501
0.546984
0.238549
0.379501
0.377732
0.408390
0.430930
0.471791
0.280000
0.520771
0.586576
0.238549
0.501905
0.447846
0.398277
0.371655
0.351791
0.377732
0.431973
0.403311
0.379501
0.377732
0.396553
0.368254
0.400907
0.421995
0.383719
0.422857
0.269161
0.269161
0.398277
0.238549
0.636145
0.597959
0.361043
0.398277
0.400907
0.280000
0.442358
0.293469
0.377732
0.402948
0.355057
0.345578
0.591610
0.353243
0.238549
0.238549
0.416054
0.377732
0.408390
0.379501
0.377732
0.400227
0.397914
0.412109
0.362132
0.478549
0.357460
0.377732
0.458685
0.391474
0.471791
0.429569
0.362132
0.406712
0.379501
0.557868
0.346032
0.269161
0.391474
0.471791
0.405306
0.377732
0.447982
0.293469
0.362132
0.463175
0.379501
0.518413
0.361043
0.452336
0.351791
0.377732
0.439546
0.379501
0.369070
0.383673
0.391474
0.407755
0.383719
0.383673
0.398277
0.238549
0.419683
0.636145
0.398549
0.351474
0.411655
0.418821
0.520454
0.636145
0.466939
0.407755
0.361043
0.384127
0.377732
0.396553
0.475782
0.356190
0.383673
0.391474
0.468209
0.238549
0.421995
0.405306
0.377732
0.591338
0.364762
0.338231
0.377732
0.446213
0.343991
0.377732
0.636145
0.590794
0.379501
0.418685
0.238549
0.381814
0.328707
0.377732
0.481497
0.401497
0.383673
0.356190
0.364762
0.602222
0.676054
0.379501
0.418685
0.384399
0.328707
0.377732
0.382449
0.379501
0.383673
0.401497
0.602222
0.460952
0.328707
0.402268
0.293469
0.377732
0.676054
0.328707
0.367891
0.382132
0.377732
0.636145
0.397914
0.383719
0.416825
0.338231
0.407528
0.280000
0.377732
0.527528
0.421088
0.383673
0.398277
0.404671
0.419456
0.383673
0.397914
0.493605
0.282902
0.466848
0.542494
0.383719
0.391474
0.383673
0.287120
0.421088
0.619229
0.542902
0.394104
0.381542
0.338231
0.407528
0.358503
0.473243
0.450385
0.442358
0.353243
0.398277
0.280000
0.377732
0.357415
0.356190
0.287120
0.238549
0.398277
0.471020
0.328707
0.562676
0.462766
0.406848
0.407755
0.287120
0.336508
0.492336
0.379501
0.419683
0.379501
0.403356
0.338231
0.420952
0.394104
0.485760
0.269161
0.290703
0.527710
0.416281
0.636145
0.364444
0.320454
0.407755
0.383673
0.398277
0.238549
0.419683
0.636145
0.506440
0.383673
0.348118
0.397914
0.445986
0.377732
0.381814
0.407075
0.408617
0.377732
0.602222
0.676054
0.379501
0.586168
0.377732
0.602222
0.460952
0.566032
0.356190
0.238549
0.419683
0.636145
0.362540
0.358503
0.338231
0.348844
0.658821
0.348844
0.407755
0.403946
0.377732
0.478549
0.364762
0.362132
0.427846
0.420952
0.358503
0.442812
0.427846
0.416281
0.348118
0.320454
0.407755
0.348118
0.397914
0.238549
0.377732
0.419683
0.636145
0.379501
0.377732
0.381814
0.398277
0.342676
0.280000
0.377732
0.615283
0.429524
0.409116
0.269161
0.394875
0.437687
0.358503
0.408435
0.281587
0.367120
0.388798
0.420363
0.383719
0.543356
0.269161
0.394240
0.407755
0.290703
0.238549
0.401723
0.503628
0.520454
0.377732
0.415057
0.356190
0.519773
0.362540
0.348118
0.359093
0.353243
0.348118
0.518413
0.400907
0.382449
0.368707
0.749569
0.411973
0.356190
0.269161
0.398277
0.590703
0.383719
0.520454
0.361043
0.238549
0.475465
0.364444
0.368707
0.419683
0.444444
0.400907
0.398277
0.540091
0.562676
0.492698
0.440862
0.384399
0.407755
0.398277
0.378231
0.348844
0.269161
0.387755
0.358503
0.403946
0.348118
0.503628
0.423583
0.425034
0.452336
0.379501
0.398277
0.452608
0.427846
0.348118
0.382132
0.421088
0.444172
0.431746
0.466848
0.371429
0.383719
0.421088
0.238549
0.419683
0.636145
0.388798
0.490476
