0.000000
0.410522
0.312562
0.609841
0.414376
0.367891
0.554150
0.377732
0.469025
0.383719
0.754649
0.377732
0.450476
0.541950
0.427710
0.507120
0.525760
0.645624
0.377732
0.481270
0.392245
0.597143
0.269161
0.489297
0.333923
0.400907
0.410385
0.367891
0.360136
0.580544
0.498095
0.293469
0.572426
0.392245
0.392245
0.400227
0.379501
0.458685
0.592925
0.379501
0.377732
0.633469
0.293469
0.611020
0.609751
0.631338
0.320454
0.658503
0.558186
0.407755
0.451020
0.383719
0.482358
0.377732
0.481270
0.367891
0.379501
0.847710
0.293469
0.700136
0.653197
0.469025
0.290703
0.238549
0.728345
0.638095
0.269161
0.362676
0.625578
0.592336
0.551927
0.379501
0.269161
0.663084
0.351791
0.514739
0.449751
0.280000
0.500000
0.500000
0.613152
0.556735
0.293469
0.320454
0.565714
0.360136
0.413651
0.377732
0.560363
0.777914
0.383719
0.490023
0.544082
0.320454
0.511791
0.280000
0.506259
0.370567
0.565714
0.337415
0.280000
0.378231
0.478050
0.280000
0.492744
0.505488
0.753741
0.577959
0.364444
0.572018
0.466848
0.422086
0.362676
0.500045
0.556735
0.549025
0.328707
0.400907
0.572562
0.889070
0.326122
0.454966
0.714331
0.482585
0.367891
0.638095
0.290703
0.378231
0.510340
0.487755
0.383719
0.401088
0.641678
0.269161
0.400907
0.419048
0.383719
0.516644
0.601723
0.450385
0.476871
0.377732
0.638095
0.290703
0.401587
0.345397
0.637914
0.432381
0.410794
0.320454
0.367120
0.000000
0.345397
0.651746
0.383719
0.395918
0.367120
0.377732
0.683311
0.439909
0.293469
0.377732
0.759501
0.437687
0.635510
0.281587
0.556735
0.463673
0.293469
0.565714
0.290703
0.603900
0.320454
0.419456
0.379501
0.384671
0.269161
0.360136
0.487347
0.358503
0.499138
0.320454
0.569161
0.572562
0.351474
0.360136
0.561451
0.382358
0.238549
0.445170
0.511791
0.429569
0.238549
0.450476
0.383719
0.238549
0.412925
0.565714
0.499864
0.733651
0.523764
0.269161
0.412925
0.590703
0.383719
0.588753
0.377732
0.487347
0.345397
0.516145
0.394875
0.765170
0.501361
0.421088
0.466848
0.592517
0.682585
0.528254
0.797778
0.696735
0.481361
0.562540
0.565034
0.558186
0.407755
0.387256
0.295918
0.370930
0.429569
0.377732
0.618957
0.395782
0.456916
0.379501
0.609841
0.377732
0.469025
0.429569
0.456916
0.476871
0.420499
0.429569
0.377732
0.333923
0.558186
0.345397
0.749751
0.479093
0.403447
0.377732
0.755465
0.280000
0.678095
0.394875
0.516145
0.482585
0.510522
0.640907
0.394875
0.462630
0.377732
0.761995
0.497778
