0.238549
0.415057
0.377732
0.507120
0.398458
0.413243
0.436689
0.427710
0.377732
0.562494
0.513197
0.407755
0.377732
0.396372
0.303719
0.312562
0.653288
0.660045
0.613061
0.343764
0.312562
0.434014
0.537914
0.507120
0.448209
0.345488
0.320454
0.448209
0.401497
0.264580
0.377732
0.779501
0.512063
0.303719
0.269161
0.770612
0.440272
0.401043
0.398458
0.238549
0.379410
0.333923
0.238549
0.502086
0.382494
0.398458
0.364172
0.238549
0.475782
0.333923
0.238549
0.474059
0.437415
0.343764
0.377732
0.481995
0.377732
0.303719
0.486984
0.401043
0.398458
0.238549
0.379410
0.333923
0.238549
0.502086
0.382494
0.433288
0.364172
0.238549
0.475782
0.333923
0.238549
0.409660
0.437415
0.343764
0.377732
0.481995
0.303719
0.303719
0.547483
0.264580
0.414059
0.582041
0.269161
0.398458
0.509887
0.403447
0.540952
0.535283
0.383719
0.377732
0.524717
0.303719
0.377732
0.449161
0.657415
0.303719
0.496961
0.364172
0.269161
0.516689
0.407755
0.428209
0.264580
0.534331
0.336599
0.489161
0.448209
0.403991
0.269161
0.406304
0.398458
0.398458
0.377732
0.402585
0.303719
0.393243
0.443039
0.403356
0.580680
0.522948
0.513152
0.377732
0.364172
0.622766
0.515102
0.684989
0.850522
0.336599
0.638005
0.383719
0.486984
0.351791
0.448707
0.407755
0.517188
0.513197
0.348707
0.351791
0.400952
0.497551
0.624853
0.390839
0.625533
0.303719
0.513651
0.371746
0.515102
0.364172
0.640771
0.502630
0.576644
0.303719
0.382902
0.238549
0.535283
0.626757
0.567483
0.264580
0.377732
0.445896
0.507528
0.390839
0.552472
0.377732
0.645850
0.269161
0.594558
0.397959
0.667483
0.407755
0.714739
0.336599
0.412109
0.448209
0.377732
0.663900
0.398458
0.295918
0.303719
0.498639
0.364172
0.765351
0.422540
0.377732
0.413469
0.406757
0.456281
0.377732
0.390839
0.351791
0.418639
0.440272
0.535601
0.238549
0.446803
0.303719
0.456916
0.469206
0.388299
0.530476
0.355510
0.312562
0.646213
0.348707
0.377732
0.538231
0.303719
0.400952
0.451156
0.303719
0.402585
0.485215
0.476281
1.043900
0.615329
0.264580
0.830930
0.444853
0.355510
0.470249
0.303719
0.529070
0.394467
0.653741
0.264580
0.377732
0.487438
0.439773
0.303719
0.538776
0.390839
0.524989
0.269161
0.378231
0.383719
0.377732
0.515283
0.527166
0.364172
0.477415
0.443084
0.238549
0.617370
0.398458
0.303719
0.513061
0.629433
0.264580
0.589252
0.386077
0.607483
0.383719
0.479320
0.421088
0.377732
0.489977
0.412925
0.656735
0.383719
0.377732
0.515737
0.436463
0.403447
0.371066
0.961950
0.388299
0.375147
0.560635
0.408617
0.371066
0.303719
0.377732
0.546122
0.303719
0.377732
0.413469
0.303719
0.406757
0.456825
0.537098
0.421315
0.517188
0.343764
0.377732
0.403084
0.348707
0.383719
0.686213
0.511882
0.684989
0.403447
0.371746
0.507302
0.303719
0.377732
0.461859
0.364172
0.557823
0.269161
0.453923
0.333923
0.613107
0.656735
0.622721
0.523764
0.497551
0.421678
0.364172
0.562449
0.398458
0.269161
0.410113
0.377732
0.548481
0.303719
0.371746
0.599093
0.613741
0.418050
0.701270
0.377732
0.605533
0.633651
0.333923
0.402993
0.560590
0.692472
0.348707
0.667029
0.238549
0.420590
0.383719
0.394467
0.383719
0.421088
0.364626
0.521088
0.349116
0.361859
0.364626
0.375057
0.423764
0.355510
0.303719
0.333923
0.570113
0.364172
0.364626
0.475147
0.446032
0.530023
0.464535
0.348118
0.390839
0.495918
0.378367
0.417642
0.471791
0.264580
0.377732
0.415782
0.383719
0.335193
0.399819
0.383719
0.269161
0.238549
0.456644
0.678912
0.303719
0.456961
0.367029
0.476281
0.462812
0.364626
0.426939
0.398458
0.351791
0.238549
0.519410
0.303719
0.396372
0.552880
0.320454
0.546893
0.528707
0.269161
0.377732
0.298005
0.563719
0.407891
0.408027
0.450249
0.264580
0.377732
0.406984
0.303719
0.547483
0.394467
0.364172
0.553605
0.401043
0.336599
0.509841
0.483265
0.384671
0.407755
0.609433
0.398458
0.303719
0.354104
0.383719
0.376508
0.556463
0.481587
0.397959
0.377732
0.453016
0.399955
0.383719
0.785170
0.378231
0.471791
0.364172
0.358503
0.427710
0.422132
0.515238
0.383719
0.392925
0.238549
0.269161
0.515737
0.489116
0.398458
0.377732
0.525578
0.303719
0.401088
0.269161
0.398458
0.377732
0.525578
0.303719
0.397959
0.602812
0.269161
0.398458
0.377732
0.478231
0.303719
0.406032
0.269161
0.398458
0.377732
0.580816
0.487120
0.303719
0.571565
0.351474
0.390839
0.615238
0.532018
0.328027
0.351474
0.390839
0.504308
0.480454
0.532018
0.328027
0.351474
0.336599
0.335329
0.455057
0.509252
0.383719
0.463764
0.567982
0.351474
0.336599
0.335329
0.455057
0.509252
0.377732
0.383447
0.354694
0.264580
0.454739
0.610340
0.268027
0.383719
0.674875
0.371066
0.670884
0.407755
0.420590
0.336599
0.473923
0.398458
0.383719
0.556961
0.358503
0.795238
0.364172
0.645624
0.264580
0.483175
0.401043
0.398458
0.619184
0.326304
0.264580
0.509524
0.303719
0.439773
0.364172
0.686485
0.383719
0.709569
0.381088
0.589615
0.584263
0.524943
0.478821
0.678050
0.397959
0.395510
0.380726
0.364172
0.545261
0.619864
0.344036
0.500952
0.269161
0.264580
0.377732
0.576735
0.575102
0.433560
0.397642
0.647438
0.336599
0.626485
0.513651
0.298005
0.378367
0.383719
0.365850
0.355510
0.303719
0.436871
0.535057
0.605850
0.401043
0.644354
0.563719
0.383719
0.869615
0.767302
0.448209
0.684671
0.377732
0.691655
0.264580
0.377732
0.433968
0.407891
0.398458
0.238549
0.435329
0.664671
0.264580
0.377732
0.401088
0.364853
0.434014
0.766259
0.407755
0.364172
0.591519
0.397959
0.364626
0.850930
0.382902
0.348118
0.489615
0.264580
0.364626
0.264580
0.632744
0.303719
0.375329
0.762222
0.583039
0.418322
0.361814
0.408617
0.377732
0.365850
0.655283
0.377732
0.364172
0.421315
0.434195
0.377732
0.426077
0.398458
0.531066
0.397959
0.522948
0.543900
0.364762
0.364172
0.377732
0.449660
0.418322
0.424853
0.368662
0.364172
0.401497
0.377279
0.418322
0.730748
0.374966
0.644263
0.397959
0.377732
0.383447
0.434240
0.257596
0.807755
0.303719
0.377732
0.303719
0.573061
0.303719
0.364626
0.988118
0.469206
0.367029
0.377732
0.426077
0.398458
0.456236
0.396372
0.264580
0.404082
0.407755
0.791973
0.671429
0.377732
0.443039
0.442948
0.303719
0.492744
0.470658
0.398458
0.412109
0.383719
0.512154
0.364172
0.538186
0.343764
0.519501
0.441723
0.397959
0.303719
0.403356
0.647438
0.346032
0.687574
0.377732
0.701088
0.543537
0.264580
0.420544
0.303719
0.377732
0.335329
0.364626
0.560680
0.647120
0.264580
0.498639
0.515918
0.390431
0.527256
0.333923
0.458050
0.401043
0.632336
0.364172
0.377732
0.681224
0.303719
0.377732
0.359728
0.523537
0.874422
0.538141
0.264580
0.416553
0.370249
0.477778
0.333923
0.544580
0.303719
0.418322
0.364172
0.396372
0.333923
0.580544
0.487937
0.450476
0.364671
0.533379
0.590340
0.443084
0.377732
0.419728
0.303719
0.495147
0.383719
0.524717
0.351791
0.424444
0.502540
0.457732
0.764308
0.375420
0.422132
0.480454
0.639955
0.479229
0.383719
0.465397
0.448209
0.775918
0.402313
0.364172
0.377732
0.382630
0.523537
0.343764
0.401043
0.377732
0.748390
0.364172
0.377732
0.764308
0.523537
0.343764
0.377732
0.394059
0.364172
0.336599
0.671202
0.391882
0.371066
0.303719
0.411066
0.698050
0.381088
0.355510
0.303719
0.377732
0.582857
0.494875
0.359138
0.264580
0.377732
0.471247
0.303719
0.370249
0.377732
0.623764
0.403991
0.443084
0.442404
0.364172
0.403991
0.439683
0.403447
0.567528
0.398458
0.264580
0.577823
0.775420
0.377732
0.418821
0.584263
0.295918
0.405125
0.435828
0.303719
0.821950
0.615556
0.418821
0.512698
0.478231
0.238549
0.750249
0.343764
0.664943
0.346032
0.390839
0.351791
0.488481
0.343764
0.626712
0.407755
0.418821
0.510884
0.476508
0.264580
0.377732
0.443583
0.351791
0.505034
0.397959
0.377732
0.238549
0.451156
0.449705
0.364172
0.416281
0.510884
0.644898
0.351791
0.377732
0.387438
0.303719
0.765351
0.374376
0.395057
0.475964
0.498458
0.377732
0.445896
0.303719
0.326304
0.666893
0.577778
0.364172
0.386621
0.585170
0.303719
0.238549
0.480635
0.596417
0.346032
0.390839
0.456236
0.238549
0.627800
0.489705
0.420499
0.303719
0.625079
0.335329
0.411066
0.426213
0.364172
0.238549
0.580680
0.427710
0.672200
0.370249
0.398503
0.383719
0.458367
0.264580
0.364172
0.515873
0.447755
0.377732
0.390748
0.333923
0.372290
0.402585
0.403356
0.580680
0.522948
0.513152
0.364172
0.622766
0.515102
0.669977
0.511746
0.397959
0.370249
0.430431
0.377732
0.477098
0.364172
0.377732
0.557098
0.440952
0.579683
0.454921
0.433878
0.383719
0.472109
0.487664
0.429070
0.397959
0.435465
0.364172
0.505941
0.264580
0.397959
0.584535
0.367029
0.377732
0.553832
0.364172
0.376508
0.390839
0.556463
0.393832
0.507347
0.383719
0.358503
0.364626
0.622177
0.303719
0.238549
0.377732
0.720317
0.356190
0.407755
0.477098
0.364172
0.407755
0.553832
0.351837
0.420590
0.413651
0.412063
0.776689
0.412063
0.688209
0.364172
0.367075
0.403356
0.371610
0.371338
0.348707
0.264580
0.420590
0.375420
0.487664
0.333923
0.486304
0.422902
0.377732
0.483537
0.710340
0.348707
0.303719
0.377732
0.474059
0.364172
0.377732
0.409660
0.571565
0.434150
0.333923
0.427664
0.411111
0.377732
0.364172
0.502993
0.401043
0.555329
0.478503
0.333923
0.238549
0.404444
0.443583
0.394467
0.502086
0.338186
0.377732
0.402585
0.403356
0.580680
0.522948
0.513152
0.364172
0.622766
0.515102
0.450794
0.590476
0.401043
0.751156
0.364172
0.544127
0.303719
0.483220
0.588073
0.377732
0.591066
0.364172
0.303719
0.400952
0.620091
0.416553
0.377732
0.430930
0.455918
0.377732
0.481723
0.407755
0.433878
0.352018
0.532018
0.371338
0.383447
0.383719
0.303719
